[gd_scene load_steps=5 format=2]

[ext_resource path="res://Guns/blasterE.glb" type="PackedScene" id=1]
[ext_resource path="res://Player/Player.gd" type="Script" id=2]

[sub_resource type="CapsuleShape" id=2]

[sub_resource type="CapsuleMesh" id=1]

[node name="Player" type="KinematicBody"]
script = ExtResource( 2 )

[node name="CollisionShape" type="CollisionShape" parent="."]
transform = Transform( 1, 0, 0, 0, -1.62921e-07, -1, 0, 1, -1.62921e-07, 0, 0, 0 )
shape = SubResource( 2 )

[node name="MeshInstance" type="MeshInstance" parent="."]
transform = Transform( 1, 0, 0, 0, -4.37114e-08, -1, 0, 1, -4.37114e-08, 0, 0, 0 )
mesh = SubResource( 1 )
material/0 = null

[node name="Camera" type="Camera" parent="."]
transform = Transform( 1, 0, 0, 0, 1, 0, 0, 0, 1, 0, 1.31219, 0 )

[node name="Gun" parent="." instance=ExtResource( 1 )]
transform = Transform( -1, 0, -3.25841e-07, 0, 1, 0, 3.25841e-07, 0, -1, -0.630865, 0.753224, -1.43127 )

[node name="Light" type="Node" parent="."]

[node name="DirectionalLight" type="DirectionalLight" parent="Light"]
transform = Transform( 1, 0, 0, 0, -0.0279043, 0.999611, 0, -0.999611, -0.0279043, -1.8969, 1084.39, -0.115253 )

[node name="DirectionalLight2" type="DirectionalLight" parent="Light"]
transform = Transform( 1, 0, 0, 0, -0.997276, 0.0737602, 0, -0.0737602, -0.997276, 0, 0.20026, -57890.8 )

[node name="DirectionalLight5" type="DirectionalLight" parent="Light"]
transform = Transform( -0.118352, -0.0732418, -0.990267, 0, -0.997276, 0.0737602, -0.992972, 0.00872967, 0.11803, -556.489, 0.20026, 0.26265 )

[node name="DirectionalLight3" type="DirectionalLight" parent="Light"]
transform = Transform( -0.999833, -0.00134648, -0.0182051, 0, -0.997276, 0.0737602, -0.0182549, 0.0737479, 0.99711, 0, 0.20026, 491.687 )

[node name="DirectionalLight4" type="DirectionalLight" parent="Light"]
transform = Transform( 0.104425, -0.0773026, 0.991524, -0.994529, -0.0108866, 0.103893, 0.00276313, -0.996948, -0.0780165, 50644.4, 0.20026, 0.0516534 )
